<?xml version="1.0"?>
<opencv_storage>
<Q type_id="opencv-matrix">
  <rows>4</rows>
  <cols>4</cols>
  <dt>d</dt>
  <data>
    1. 0. 0. -2.8044705200195312e+02 0. 1. 0. -2.5242993736267090e+02 0.
    0. 0. 8.6521694087793128e+02 0. 0. 1.8590288636560298e-01 0.</data></Q>
</opencv_storage>
